2022/01/01-16:59:24.263146 7f77d4f36000 RocksDB version: 6.20.3
2022/01/01-16:59:24.263240 7f77d4f36000 Git sha 8608d75d85f8e1b3b64b73a4fb6d19baec61ba5c
2022/01/01-16:59:24.263246 7f77d4f36000 Compile date 2021-05-05 20:35:30
2022/01/01-16:59:24.263339 7f77d4f36000 DB SUMMARY
2022/01/01-16:59:24.263344 7f77d4f36000 DB Session ID:  JRNVWZ237VH7WV47L2OG
2022/01/01-16:59:24.263375 7f77d4f36000 SST files in test-ledger/rocksdb dir, Total Num: 0, files: 
2022/01/01-16:59:24.263380 7f77d4f36000 Write Ahead Log file in test-ledger/rocksdb: 
2022/01/01-16:59:24.263384 7f77d4f36000                         Options.error_if_exists: 0
2022/01/01-16:59:24.263386 7f77d4f36000                       Options.create_if_missing: 1
2022/01/01-16:59:24.263389 7f77d4f36000                         Options.paranoid_checks: 1
2022/01/01-16:59:24.263391 7f77d4f36000                               Options.track_and_verify_wals_in_manifest: 0
2022/01/01-16:59:24.263394 7f77d4f36000                                     Options.env: 0x55eabe6167a0
2022/01/01-16:59:24.263397 7f77d4f36000                                      Options.fs: Posix File System
2022/01/01-16:59:24.263399 7f77d4f36000                                Options.info_log: 0x55eabf4a5360
2022/01/01-16:59:24.263402 7f77d4f36000                Options.max_file_opening_threads: 16
2022/01/01-16:59:24.263404 7f77d4f36000                              Options.statistics: (nil)
2022/01/01-16:59:24.263407 7f77d4f36000                               Options.use_fsync: 0
2022/01/01-16:59:24.263409 7f77d4f36000                       Options.max_log_file_size: 0
2022/01/01-16:59:24.263412 7f77d4f36000                  Options.max_manifest_file_size: 1073741824
2022/01/01-16:59:24.263414 7f77d4f36000                   Options.log_file_time_to_roll: 0
2022/01/01-16:59:24.263417 7f77d4f36000                       Options.keep_log_file_num: 1000
2022/01/01-16:59:24.263419 7f77d4f36000                    Options.recycle_log_file_num: 0
2022/01/01-16:59:24.263422 7f77d4f36000                         Options.allow_fallocate: 1
2022/01/01-16:59:24.263424 7f77d4f36000                        Options.allow_mmap_reads: 0
2022/01/01-16:59:24.263427 7f77d4f36000                       Options.allow_mmap_writes: 0
2022/01/01-16:59:24.263429 7f77d4f36000                        Options.use_direct_reads: 0
2022/01/01-16:59:24.263432 7f77d4f36000                        Options.use_direct_io_for_flush_and_compaction: 0
2022/01/01-16:59:24.263434 7f77d4f36000          Options.create_missing_column_families: 1
2022/01/01-16:59:24.263437 7f77d4f36000                              Options.db_log_dir: 
2022/01/01-16:59:24.263439 7f77d4f36000                                 Options.wal_dir: test-ledger/rocksdb
2022/01/01-16:59:24.263442 7f77d4f36000                Options.table_cache_numshardbits: 6
2022/01/01-16:59:24.263444 7f77d4f36000                         Options.WAL_ttl_seconds: 0
2022/01/01-16:59:24.263447 7f77d4f36000                       Options.WAL_size_limit_MB: 0
2022/01/01-16:59:24.263449 7f77d4f36000                        Options.max_write_batch_group_size_bytes: 1048576
2022/01/01-16:59:24.263452 7f77d4f36000             Options.manifest_preallocation_size: 4194304
2022/01/01-16:59:24.263455 7f77d4f36000                     Options.is_fd_close_on_exec: 1
2022/01/01-16:59:24.263457 7f77d4f36000                   Options.advise_random_on_open: 1
2022/01/01-16:59:24.263460 7f77d4f36000                    Options.db_write_buffer_size: 0
2022/01/01-16:59:24.263462 7f77d4f36000                    Options.write_buffer_manager: 0x55eabf4f9cf0
2022/01/01-16:59:24.263465 7f77d4f36000         Options.access_hint_on_compaction_start: 1
2022/01/01-16:59:24.263467 7f77d4f36000  Options.new_table_reader_for_compaction_inputs: 0
2022/01/01-16:59:24.263470 7f77d4f36000           Options.random_access_max_buffer_size: 1048576
2022/01/01-16:59:24.263472 7f77d4f36000                      Options.use_adaptive_mutex: 0
2022/01/01-16:59:24.263475 7f77d4f36000                            Options.rate_limiter: (nil)
2022/01/01-16:59:24.263477 7f77d4f36000     Options.sst_file_manager.rate_bytes_per_sec: 0
2022/01/01-16:59:24.263500 7f77d4f36000                       Options.wal_recovery_mode: 2
2022/01/01-16:59:24.263504 7f77d4f36000                  Options.enable_thread_tracking: 0
2022/01/01-16:59:24.263506 7f77d4f36000                  Options.enable_pipelined_write: 0
2022/01/01-16:59:24.263509 7f77d4f36000                  Options.unordered_write: 0
2022/01/01-16:59:24.263511 7f77d4f36000         Options.allow_concurrent_memtable_write: 1
2022/01/01-16:59:24.263514 7f77d4f36000      Options.enable_write_thread_adaptive_yield: 1
2022/01/01-16:59:24.263516 7f77d4f36000             Options.write_thread_max_yield_usec: 100
2022/01/01-16:59:24.263519 7f77d4f36000            Options.write_thread_slow_yield_usec: 3
2022/01/01-16:59:24.263521 7f77d4f36000                               Options.row_cache: None
2022/01/01-16:59:24.263524 7f77d4f36000                              Options.wal_filter: None
2022/01/01-16:59:24.263526 7f77d4f36000             Options.avoid_flush_during_recovery: 0
2022/01/01-16:59:24.263529 7f77d4f36000             Options.allow_ingest_behind: 0
2022/01/01-16:59:24.263531 7f77d4f36000             Options.preserve_deletes: 0
2022/01/01-16:59:24.263533 7f77d4f36000             Options.two_write_queues: 0
2022/01/01-16:59:24.263535 7f77d4f36000             Options.manual_wal_flush: 0
2022/01/01-16:59:24.263538 7f77d4f36000             Options.atomic_flush: 0
2022/01/01-16:59:24.263540 7f77d4f36000             Options.avoid_unnecessary_blocking_io: 0
2022/01/01-16:59:24.263542 7f77d4f36000                 Options.persist_stats_to_disk: 0
2022/01/01-16:59:24.263545 7f77d4f36000                 Options.write_dbid_to_manifest: 0
2022/01/01-16:59:24.263547 7f77d4f36000                 Options.log_readahead_size: 0
2022/01/01-16:59:24.263550 7f77d4f36000                 Options.file_checksum_gen_factory: Unknown
2022/01/01-16:59:24.263552 7f77d4f36000                 Options.best_efforts_recovery: 0
2022/01/01-16:59:24.263554 7f77d4f36000                Options.max_bgerror_resume_count: 2147483647
2022/01/01-16:59:24.263557 7f77d4f36000            Options.bgerror_resume_retry_interval: 1000000
2022/01/01-16:59:24.263559 7f77d4f36000             Options.allow_data_in_errors: 0
2022/01/01-16:59:24.263561 7f77d4f36000             Options.db_host_id: __hostname__
2022/01/01-16:59:24.263564 7f77d4f36000             Options.max_background_jobs: 4
2022/01/01-16:59:24.263566 7f77d4f36000             Options.max_background_compactions: -1
2022/01/01-16:59:24.263568 7f77d4f36000             Options.max_subcompactions: 1
2022/01/01-16:59:24.263571 7f77d4f36000             Options.avoid_flush_during_shutdown: 0
2022/01/01-16:59:24.263573 7f77d4f36000           Options.writable_file_max_buffer_size: 1048576
2022/01/01-16:59:24.263575 7f77d4f36000             Options.delayed_write_rate : 16777216
2022/01/01-16:59:24.263577 7f77d4f36000             Options.max_total_wal_size: 4294967296
2022/01/01-16:59:24.263580 7f77d4f36000             Options.delete_obsolete_files_period_micros: 21600000000
2022/01/01-16:59:24.263582 7f77d4f36000                   Options.stats_dump_period_sec: 600
2022/01/01-16:59:24.263585 7f77d4f36000                 Options.stats_persist_period_sec: 600
2022/01/01-16:59:24.263587 7f77d4f36000                 Options.stats_history_buffer_size: 1048576
2022/01/01-16:59:24.263589 7f77d4f36000                          Options.max_open_files: -1
2022/01/01-16:59:24.263591 7f77d4f36000                          Options.bytes_per_sync: 0
2022/01/01-16:59:24.263594 7f77d4f36000                      Options.wal_bytes_per_sync: 0
2022/01/01-16:59:24.263596 7f77d4f36000                   Options.strict_bytes_per_sync: 0
2022/01/01-16:59:24.263599 7f77d4f36000       Options.compaction_readahead_size: 0
2022/01/01-16:59:24.263601 7f77d4f36000                  Options.max_background_flushes: -1
2022/01/01-16:59:24.263604 7f77d4f36000 Compression algorithms supported:
2022/01/01-16:59:24.263606 7f77d4f36000 	kZSTDNotFinalCompression supported: 0
2022/01/01-16:59:24.263609 7f77d4f36000 	kZSTD supported: 0
2022/01/01-16:59:24.263629 7f77d4f36000 	kXpressCompression supported: 0
2022/01/01-16:59:24.263633 7f77d4f36000 	kLZ4HCCompression supported: 1
2022/01/01-16:59:24.263636 7f77d4f36000 	kLZ4Compression supported: 1
2022/01/01-16:59:24.263638 7f77d4f36000 	kBZip2Compression supported: 0
2022/01/01-16:59:24.263641 7f77d4f36000 	kZlibCompression supported: 0
2022/01/01-16:59:24.263644 7f77d4f36000 	kSnappyCompression supported: 0
2022/01/01-16:59:24.263647 7f77d4f36000 Fast CRC32 supported: Not supported on x86
2022/01/01-16:59:24.306693 7f77d4f36000 [db/db_impl/db_impl_open.cc:285] Creating manifest 1 
2022/01/01-16:59:24.414574 7f77d4f36000 [db/version_set.cc:4627] Recovering from manifest file: test-ledger/rocksdb/MANIFEST-000001
2022/01/01-16:59:24.414969 7f77d4f36000 [db/column_family.cc:598] --------------- Options for column family [default]:
2022/01/01-16:59:24.414982 7f77d4f36000               Options.comparator: leveldb.BytewiseComparator
2022/01/01-16:59:24.414986 7f77d4f36000           Options.merge_operator: None
2022/01/01-16:59:24.414988 7f77d4f36000        Options.compaction_filter: None
2022/01/01-16:59:24.414989 7f77d4f36000        Options.compaction_filter_factory: None
2022/01/01-16:59:24.414991 7f77d4f36000  Options.sst_partitioner_factory: None
2022/01/01-16:59:24.414992 7f77d4f36000         Options.memtable_factory: SkipListFactory
2022/01/01-16:59:24.414994 7f77d4f36000            Options.table_factory: BlockBasedTable
2022/01/01-16:59:24.415042 7f77d4f36000            table_factory options:   flush_block_policy_factory: FlushBlockBySizePolicyFactory (0x55eabf4f1600)
  cache_index_and_filter_blocks: 0
  cache_index_and_filter_blocks_with_high_priority: 1
  pin_l0_filter_and_index_blocks_in_cache: 0
  pin_top_level_index_and_filter: 1
  index_type: 0
  data_block_index_type: 0
  index_shortening: 1
  data_block_hash_table_util_ratio: 0.750000
  hash_index_allow_collision: 1
  checksum: 1
  no_block_cache: 0
  block_cache: 0x55eabf4f1650
  block_cache_name: LRUCache
  block_cache_options:
    capacity : 8388608
    num_shard_bits : 4
    strict_capacity_limit : 0
    memory_allocator : None
    high_pri_pool_ratio: 0.000
  block_cache_compressed: (nil)
  persistent_cache: (nil)
  block_size: 4096
  block_size_deviation: 10
  block_restart_interval: 16
  index_block_restart_interval: 1
  metadata_block_size: 4096
  partition_filters: 0
  use_delta_encoding: 1
  filter_policy: nullptr
  whole_key_filtering: 1
  verify_compression: 0
  read_amp_bytes_per_bit: 0
  format_version: 5
  enable_index_compression: 1
  block_align: 0
2022/01/01-16:59:24.415044 7f77d4f36000        Options.write_buffer_size: 67108864
2022/01/01-16:59:24.415046 7f77d4f36000  Options.max_write_buffer_number: 2
2022/01/01-16:59:24.415047 7f77d4f36000          Options.compression: NoCompression
2022/01/01-16:59:24.415049 7f77d4f36000                  Options.bottommost_compression: Disabled
2022/01/01-16:59:24.415050 7f77d4f36000       Options.prefix_extractor: nullptr
2022/01/01-16:59:24.415051 7f77d4f36000   Options.memtable_insert_with_hint_prefix_extractor: nullptr
2022/01/01-16:59:24.415052 7f77d4f36000             Options.num_levels: 7
2022/01/01-16:59:24.415054 7f77d4f36000        Options.min_write_buffer_number_to_merge: 1
2022/01/01-16:59:24.415055 7f77d4f36000     Options.max_write_buffer_number_to_maintain: 0
2022/01/01-16:59:24.415056 7f77d4f36000     Options.max_write_buffer_size_to_maintain: 0
2022/01/01-16:59:24.415057 7f77d4f36000            Options.bottommost_compression_opts.window_bits: -14
2022/01/01-16:59:24.415059 7f77d4f36000                  Options.bottommost_compression_opts.level: 32767
2022/01/01-16:59:24.415060 7f77d4f36000               Options.bottommost_compression_opts.strategy: 0
2022/01/01-16:59:24.415061 7f77d4f36000         Options.bottommost_compression_opts.max_dict_bytes: 0
2022/01/01-16:59:24.415062 7f77d4f36000         Options.bottommost_compression_opts.zstd_max_train_bytes: 0
2022/01/01-16:59:24.415063 7f77d4f36000         Options.bottommost_compression_opts.parallel_threads: 1
2022/01/01-16:59:24.415065 7f77d4f36000                  Options.bottommost_compression_opts.enabled: false
2022/01/01-16:59:24.415127 7f77d4f36000         Options.bottommost_compression_opts.max_dict_buffer_bytes: 0
2022/01/01-16:59:24.415136 7f77d4f36000            Options.compression_opts.window_bits: -14
2022/01/01-16:59:24.415138 7f77d4f36000                  Options.compression_opts.level: 32767
2022/01/01-16:59:24.415140 7f77d4f36000               Options.compression_opts.strategy: 0
2022/01/01-16:59:24.415143 7f77d4f36000         Options.compression_opts.max_dict_bytes: 0
2022/01/01-16:59:24.415145 7f77d4f36000         Options.compression_opts.zstd_max_train_bytes: 0
2022/01/01-16:59:24.415147 7f77d4f36000         Options.compression_opts.parallel_threads: 1
2022/01/01-16:59:24.415148 7f77d4f36000                  Options.compression_opts.enabled: false
2022/01/01-16:59:24.415151 7f77d4f36000         Options.compression_opts.max_dict_buffer_bytes: 0
2022/01/01-16:59:24.415153 7f77d4f36000      Options.level0_file_num_compaction_trigger: 4
2022/01/01-16:59:24.415156 7f77d4f36000          Options.level0_slowdown_writes_trigger: 20
2022/01/01-16:59:24.415158 7f77d4f36000              Options.level0_stop_writes_trigger: 36
2022/01/01-16:59:24.415160 7f77d4f36000                   Options.target_file_size_base: 67108864
2022/01/01-16:59:24.415162 7f77d4f36000             Options.target_file_size_multiplier: 1
2022/01/01-16:59:24.415165 7f77d4f36000                Options.max_bytes_for_level_base: 268435456
2022/01/01-16:59:24.415166 7f77d4f36000 Options.level_compaction_dynamic_level_bytes: 0
2022/01/01-16:59:24.415168 7f77d4f36000          Options.max_bytes_for_level_multiplier: 10.000000
2022/01/01-16:59:24.415174 7f77d4f36000 Options.max_bytes_for_level_multiplier_addtl[0]: 1
2022/01/01-16:59:24.415177 7f77d4f36000 Options.max_bytes_for_level_multiplier_addtl[1]: 1
2022/01/01-16:59:24.415180 7f77d4f36000 Options.max_bytes_for_level_multiplier_addtl[2]: 1
2022/01/01-16:59:24.415181 7f77d4f36000 Options.max_bytes_for_level_multiplier_addtl[3]: 1
2022/01/01-16:59:24.415183 7f77d4f36000 Options.max_bytes_for_level_multiplier_addtl[4]: 1
2022/01/01-16:59:24.415185 7f77d4f36000 Options.max_bytes_for_level_multiplier_addtl[5]: 1
2022/01/01-16:59:24.415187 7f77d4f36000 Options.max_bytes_for_level_multiplier_addtl[6]: 1
2022/01/01-16:59:24.415189 7f77d4f36000       Options.max_sequential_skip_in_iterations: 8
2022/01/01-16:59:24.415191 7f77d4f36000                    Options.max_compaction_bytes: 1677721600
2022/01/01-16:59:24.415231 7f77d4f36000                        Options.arena_block_size: 8388608
2022/01/01-16:59:24.415234 7f77d4f36000   Options.soft_pending_compaction_bytes_limit: 68719476736
2022/01/01-16:59:24.415236 7f77d4f36000   Options.hard_pending_compaction_bytes_limit: 274877906944
2022/01/01-16:59:24.415238 7f77d4f36000       Options.rate_limit_delay_max_milliseconds: 100
2022/01/01-16:59:24.415240 7f77d4f36000                Options.disable_auto_compactions: 0
2022/01/01-16:59:24.415244 7f77d4f36000                        Options.compaction_style: kCompactionStyleLevel
2022/01/01-16:59:24.415246 7f77d4f36000                          Options.compaction_pri: kMinOverlappingRatio
2022/01/01-16:59:24.415248 7f77d4f36000 Options.compaction_options_universal.size_ratio: 1
2022/01/01-16:59:24.415250 7f77d4f36000 Options.compaction_options_universal.min_merge_width: 2
2022/01/01-16:59:24.415253 7f77d4f36000 Options.compaction_options_universal.max_merge_width: 4294967295
2022/01/01-16:59:24.415255 7f77d4f36000 Options.compaction_options_universal.max_size_amplification_percent: 200
2022/01/01-16:59:24.415257 7f77d4f36000 Options.compaction_options_universal.compression_size_percent: -1
2022/01/01-16:59:24.415260 7f77d4f36000 Options.compaction_options_universal.stop_style: kCompactionStopStyleTotalSize
2022/01/01-16:59:24.415262 7f77d4f36000 Options.compaction_options_fifo.max_table_files_size: 1073741824
2022/01/01-16:59:24.415264 7f77d4f36000 Options.compaction_options_fifo.allow_compaction: 0
2022/01/01-16:59:24.415274 7f77d4f36000                   Options.table_properties_collectors: 
2022/01/01-16:59:24.415295 7f77d4f36000                   Options.inplace_update_support: 0
2022/01/01-16:59:24.415298 7f77d4f36000                 Options.inplace_update_num_locks: 10000
2022/01/01-16:59:24.415300 7f77d4f36000               Options.memtable_prefix_bloom_size_ratio: 0.000000
2022/01/01-16:59:24.415303 7f77d4f36000               Options.memtable_whole_key_filtering: 0
2022/01/01-16:59:24.415305 7f77d4f36000   Options.memtable_huge_page_size: 0
2022/01/01-16:59:24.415307 7f77d4f36000                           Options.bloom_locality: 0
2022/01/01-16:59:24.415308 7f77d4f36000                    Options.max_successive_merges: 0
2022/01/01-16:59:24.415310 7f77d4f36000                Options.optimize_filters_for_hits: 0
2022/01/01-16:59:24.415312 7f77d4f36000                Options.paranoid_file_checks: 0
2022/01/01-16:59:24.415314 7f77d4f36000                Options.force_consistency_checks: 1
2022/01/01-16:59:24.415316 7f77d4f36000                Options.report_bg_io_stats: 0
2022/01/01-16:59:24.415317 7f77d4f36000                               Options.ttl: 2592000
2022/01/01-16:59:24.415319 7f77d4f36000          Options.periodic_compaction_seconds: 0
2022/01/01-16:59:24.415321 7f77d4f36000                    Options.enable_blob_files: false
2022/01/01-16:59:24.415323 7f77d4f36000                        Options.min_blob_size: 0
2022/01/01-16:59:24.415325 7f77d4f36000                       Options.blob_file_size: 268435456
2022/01/01-16:59:24.415327 7f77d4f36000                Options.blob_compression_type: NoCompression
2022/01/01-16:59:24.415328 7f77d4f36000       Options.enable_blob_garbage_collection: false
2022/01/01-16:59:24.415330 7f77d4f36000   Options.blob_garbage_collection_age_cutoff: 0.250000
2022/01/01-16:59:24.417364 7f77d4f36000 [db/version_set.cc:4675] Recovered from manifest file:test-ledger/rocksdb/MANIFEST-000001 succeeded,manifest_file_number is 1, next_file_number is 3, last_sequence is 0, log_number is 0,prev_log_number is 0,max_column_family is 0,min_log_number_to_keep is 0
2022/01/01-16:59:24.417382 7f77d4f36000 [db/version_set.cc:4684] Column family [default] (ID 0), log number is 0
2022/01/01-16:59:24.417505 7f77d4f36000 [db/version_set.cc:4119] Creating manifest 4
2022/01/01-16:59:24.564031 7f77d4f36000 [db/column_family.cc:598] --------------- Options for column family [meta]:
2022/01/01-16:59:24.564051 7f77d4f36000               Options.comparator: leveldb.BytewiseComparator
2022/01/01-16:59:24.564054 7f77d4f36000           Options.merge_operator: None
2022/01/01-16:59:24.564057 7f77d4f36000        Options.compaction_filter: None
2022/01/01-16:59:24.564071 7f77d4f36000        Options.compaction_filter_factory: purged_slot_filter_factory(meta)
2022/01/01-16:59:24.564073 7f77d4f36000  Options.sst_partitioner_factory: None
2022/01/01-16:59:24.564076 7f77d4f36000         Options.memtable_factory: SkipListFactory
2022/01/01-16:59:24.564078 7f77d4f36000            Options.table_factory: BlockBasedTable
2022/01/01-16:59:24.564123 7f77d4f36000            table_factory options:   flush_block_policy_factory: FlushBlockBySizePolicyFactory (0x55eabf4c7b80)
  cache_index_and_filter_blocks: 0
  cache_index_and_filter_blocks_with_high_priority: 1
  pin_l0_filter_and_index_blocks_in_cache: 0
  pin_top_level_index_and_filter: 1
  index_type: 0
  data_block_index_type: 0
  index_shortening: 1
  data_block_hash_table_util_ratio: 0.750000
  hash_index_allow_collision: 1
  checksum: 1
  no_block_cache: 0
  block_cache: 0x55eabf4c7bd0
  block_cache_name: LRUCache
  block_cache_options:
    capacity : 8388608
    num_shard_bits : 4
    strict_capacity_limit : 0
    memory_allocator : None
    high_pri_pool_ratio: 0.000
  block_cache_compressed: (nil)
  persistent_cache: (nil)
  block_size: 4096
  block_size_deviation: 10
  block_restart_interval: 16
  index_block_restart_interval: 1
  metadata_block_size: 4096
  partition_filters: 0
  use_delta_encoding: 1
  filter_policy: nullptr
  whole_key_filtering: 1
  verify_compression: 0
  read_amp_bytes_per_bit: 0
  format_version: 5
  enable_index_compression: 1
  block_align: 0
2022/01/01-16:59:24.564127 7f77d4f36000        Options.write_buffer_size: 268435456
2022/01/01-16:59:24.564129 7f77d4f36000  Options.max_write_buffer_number: 8
2022/01/01-16:59:24.564132 7f77d4f36000          Options.compression: NoCompression
2022/01/01-16:59:24.564134 7f77d4f36000                  Options.bottommost_compression: Disabled
2022/01/01-16:59:24.564136 7f77d4f36000       Options.prefix_extractor: nullptr
2022/01/01-16:59:24.564138 7f77d4f36000   Options.memtable_insert_with_hint_prefix_extractor: nullptr
2022/01/01-16:59:24.564141 7f77d4f36000             Options.num_levels: 7
2022/01/01-16:59:24.564143 7f77d4f36000        Options.min_write_buffer_number_to_merge: 1
2022/01/01-16:59:24.564146 7f77d4f36000     Options.max_write_buffer_number_to_maintain: 0
2022/01/01-16:59:24.564148 7f77d4f36000     Options.max_write_buffer_size_to_maintain: 0
2022/01/01-16:59:24.564150 7f77d4f36000            Options.bottommost_compression_opts.window_bits: -14
2022/01/01-16:59:24.564153 7f77d4f36000                  Options.bottommost_compression_opts.level: 32767
2022/01/01-16:59:24.564155 7f77d4f36000               Options.bottommost_compression_opts.strategy: 0
2022/01/01-16:59:24.564157 7f77d4f36000         Options.bottommost_compression_opts.max_dict_bytes: 0
2022/01/01-16:59:24.564159 7f77d4f36000         Options.bottommost_compression_opts.zstd_max_train_bytes: 0
2022/01/01-16:59:24.564162 7f77d4f36000         Options.bottommost_compression_opts.parallel_threads: 1
2022/01/01-16:59:24.564165 7f77d4f36000                  Options.bottommost_compression_opts.enabled: false
2022/01/01-16:59:24.564167 7f77d4f36000         Options.bottommost_compression_opts.max_dict_buffer_bytes: 0
2022/01/01-16:59:24.564169 7f77d4f36000            Options.compression_opts.window_bits: -14
2022/01/01-16:59:24.564172 7f77d4f36000                  Options.compression_opts.level: 32767
2022/01/01-16:59:24.564173 7f77d4f36000               Options.compression_opts.strategy: 0
2022/01/01-16:59:24.564176 7f77d4f36000         Options.compression_opts.max_dict_bytes: 0
2022/01/01-16:59:24.564178 7f77d4f36000         Options.compression_opts.zstd_max_train_bytes: 0
2022/01/01-16:59:24.564180 7f77d4f36000         Options.compression_opts.parallel_threads: 1
2022/01/01-16:59:24.564253 7f77d4f36000                  Options.compression_opts.enabled: false
2022/01/01-16:59:24.564258 7f77d4f36000         Options.compression_opts.max_dict_buffer_bytes: 0
2022/01/01-16:59:24.564260 7f77d4f36000      Options.level0_file_num_compaction_trigger: 4
2022/01/01-16:59:24.564263 7f77d4f36000          Options.level0_slowdown_writes_trigger: 20
2022/01/01-16:59:24.564265 7f77d4f36000              Options.level0_stop_writes_trigger: 36
2022/01/01-16:59:24.564268 7f77d4f36000                   Options.target_file_size_base: 107374182
2022/01/01-16:59:24.564271 7f77d4f36000             Options.target_file_size_multiplier: 1
2022/01/01-16:59:24.564273 7f77d4f36000                Options.max_bytes_for_level_base: 1073741824
2022/01/01-16:59:24.564276 7f77d4f36000 Options.level_compaction_dynamic_level_bytes: 0
2022/01/01-16:59:24.564278 7f77d4f36000          Options.max_bytes_for_level_multiplier: 10.000000
2022/01/01-16:59:24.564283 7f77d4f36000 Options.max_bytes_for_level_multiplier_addtl[0]: 1
2022/01/01-16:59:24.564286 7f77d4f36000 Options.max_bytes_for_level_multiplier_addtl[1]: 1
2022/01/01-16:59:24.564289 7f77d4f36000 Options.max_bytes_for_level_multiplier_addtl[2]: 1
2022/01/01-16:59:24.564291 7f77d4f36000 Options.max_bytes_for_level_multiplier_addtl[3]: 1
2022/01/01-16:59:24.564294 7f77d4f36000 Options.max_bytes_for_level_multiplier_addtl[4]: 1
2022/01/01-16:59:24.564296 7f77d4f36000 Options.max_bytes_for_level_multiplier_addtl[5]: 1
2022/01/01-16:59:24.564299 7f77d4f36000 Options.max_bytes_for_level_multiplier_addtl[6]: 1
2022/01/01-16:59:24.564301 7f77d4f36000       Options.max_sequential_skip_in_iterations: 8
2022/01/01-16:59:24.564304 7f77d4f36000                    Options.max_compaction_bytes: 2684354550
2022/01/01-16:59:24.564306 7f77d4f36000                        Options.arena_block_size: 33554432
2022/01/01-16:59:24.564309 7f77d4f36000   Options.soft_pending_compaction_bytes_limit: 68719476736
2022/01/01-16:59:24.564311 7f77d4f36000   Options.hard_pending_compaction_bytes_limit: 274877906944
2022/01/01-16:59:24.564314 7f77d4f36000       Options.rate_limit_delay_max_milliseconds: 100
2022/01/01-16:59:24.564317 7f77d4f36000                Options.disable_auto_compactions: 0
2022/01/01-16:59:24.564320 7f77d4f36000                        Options.compaction_style: kCompactionStyleLevel
2022/01/01-16:59:24.564324 7f77d4f36000                          Options.compaction_pri: kMinOverlappingRatio
2022/01/01-16:59:24.564327 7f77d4f36000 Options.compaction_options_universal.size_ratio: 1
2022/01/01-16:59:24.564329 7f77d4f36000 Options.compaction_options_universal.min_merge_width: 2
2022/01/01-16:59:24.564332 7f77d4f36000 Options.compaction_options_universal.max_merge_width: 4294967295
2022/01/01-16:59:24.564335 7f77d4f36000 Options.compaction_options_universal.max_size_amplification_percent: 200
2022/01/01-16:59:24.564338 7f77d4f36000 Options.compaction_options_universal.compression_size_percent: -1
2022/01/01-16:59:24.564342 7f77d4f36000 Options.compaction_options_universal.stop_style: kCompactionStopStyleTotalSize
2022/01/01-16:59:24.564344 7f77d4f36000 Options.compaction_options_fifo.max_table_files_size: 1073741824
2022/01/01-16:59:24.564347 7f77d4f36000 Options.compaction_options_fifo.allow_compaction: 0
2022/01/01-16:59:24.564360 7f77d4f36000                   Options.table_properties_collectors: 
2022/01/01-16:59:24.564363 7f77d4f36000                   Options.inplace_update_support: 0
2022/01/01-16:59:24.564366 7f77d4f36000                 Options.inplace_update_num_locks: 10000
2022/01/01-16:59:24.564368 7f77d4f36000               Options.memtable_prefix_bloom_size_ratio: 0.000000
2022/01/01-16:59:24.564372 7f77d4f36000               Options.memtable_whole_key_filtering: 0
2022/01/01-16:59:24.564374 7f77d4f36000   Options.memtable_huge_page_size: 0
2022/01/01-16:59:24.564377 7f77d4f36000                           Options.bloom_locality: 0
2022/01/01-16:59:24.564379 7f77d4f36000                    Options.max_successive_merges: 0
2022/01/01-16:59:24.564396 7f77d4f36000                Options.optimize_filters_for_hits: 0
2022/01/01-16:59:24.564399 7f77d4f36000                Options.paranoid_file_checks: 0
2022/01/01-16:59:24.564401 7f77d4f36000                Options.force_consistency_checks: 1
2022/01/01-16:59:24.564404 7f77d4f36000                Options.report_bg_io_stats: 0
2022/01/01-16:59:24.564406 7f77d4f36000                               Options.ttl: 2592000
2022/01/01-16:59:24.564409 7f77d4f36000          Options.periodic_compaction_seconds: 2592000
2022/01/01-16:59:24.564411 7f77d4f36000                    Options.enable_blob_files: false
2022/01/01-16:59:24.564414 7f77d4f36000                        Options.min_blob_size: 0
2022/01/01-16:59:24.564417 7f77d4f36000                       Options.blob_file_size: 268435456
2022/01/01-16:59:24.564419 7f77d4f36000                Options.blob_compression_type: NoCompression
2022/01/01-16:59:24.564422 7f77d4f36000       Options.enable_blob_garbage_collection: false
2022/01/01-16:59:24.564425 7f77d4f36000   Options.blob_garbage_collection_age_cutoff: 0.250000
2022/01/01-16:59:24.564492 7f77d4f36000 [db/db_impl/db_impl.cc:2662] Created column family [meta] (ID 1)
2022/01/01-16:59:24.646815 7f77d4f36000 [db/column_family.cc:598] --------------- Options for column family [dead_slots]:
2022/01/01-16:59:24.646826 7f77d4f36000               Options.comparator: leveldb.BytewiseComparator
2022/01/01-16:59:24.646828 7f77d4f36000           Options.merge_operator: None
2022/01/01-16:59:24.646830 7f77d4f36000        Options.compaction_filter: None
2022/01/01-16:59:24.646831 7f77d4f36000        Options.compaction_filter_factory: purged_slot_filter_factory(dead_slots)
2022/01/01-16:59:24.646833 7f77d4f36000  Options.sst_partitioner_factory: None
2022/01/01-16:59:24.646834 7f77d4f36000         Options.memtable_factory: SkipListFactory
2022/01/01-16:59:24.646835 7f77d4f36000            Options.table_factory: BlockBasedTable
2022/01/01-16:59:24.646872 7f77d4f36000            table_factory options:   flush_block_policy_factory: FlushBlockBySizePolicyFactory (0x55eabf4c9b90)
  cache_index_and_filter_blocks: 0
  cache_index_and_filter_blocks_with_high_priority: 1
  pin_l0_filter_and_index_blocks_in_cache: 0
  pin_top_level_index_and_filter: 1
  index_type: 0
  data_block_index_type: 0
  index_shortening: 1
  data_block_hash_table_util_ratio: 0.750000
  hash_index_allow_collision: 1
  checksum: 1
  no_block_cache: 0
  block_cache: 0x55eabf4c9be0
  block_cache_name: LRUCache
  block_cache_options:
    capacity : 8388608
    num_shard_bits : 4
    strict_capacity_limit : 0
    memory_allocator : None
    high_pri_pool_ratio: 0.000
  block_cache_compressed: (nil)
  persistent_cache: (nil)
  block_size: 4096
  block_size_deviation: 10
  block_restart_interval: 16
  index_block_restart_interval: 1
  metadata_block_size: 4096
  partition_filters: 0
  use_delta_encoding: 1
  filter_policy: nullptr
  whole_key_filtering: 1
  verify_compression: 0
  read_amp_bytes_per_bit: 0
  format_version: 5
  enable_index_compression: 1
  block_align: 0
2022/01/01-16:59:24.646875 7f77d4f36000        Options.write_buffer_size: 268435456
2022/01/01-16:59:24.646876 7f77d4f36000  Options.max_write_buffer_number: 8
2022/01/01-16:59:24.646877 7f77d4f36000          Options.compression: NoCompression
2022/01/01-16:59:24.646879 7f77d4f36000                  Options.bottommost_compression: Disabled
2022/01/01-16:59:24.646880 7f77d4f36000       Options.prefix_extractor: nullptr
2022/01/01-16:59:24.646881 7f77d4f36000   Options.memtable_insert_with_hint_prefix_extractor: nullptr
2022/01/01-16:59:24.646882 7f77d4f36000             Options.num_levels: 7
2022/01/01-16:59:24.646884 7f77d4f36000        Options.min_write_buffer_number_to_merge: 1
2022/01/01-16:59:24.646885 7f77d4f36000     Options.max_write_buffer_number_to_maintain: 0
2022/01/01-16:59:24.646886 7f77d4f36000     Options.max_write_buffer_size_to_maintain: 0
2022/01/01-16:59:24.646887 7f77d4f36000            Options.bottommost_compression_opts.window_bits: -14
2022/01/01-16:59:24.646889 7f77d4f36000                  Options.bottommost_compression_opts.level: 32767
2022/01/01-16:59:24.646890 7f77d4f36000               Options.bottommost_compression_opts.strategy: 0
2022/01/01-16:59:24.646891 7f77d4f36000         Options.bottommost_compression_opts.max_dict_bytes: 0
2022/01/01-16:59:24.646892 7f77d4f36000         Options.bottommost_compression_opts.zstd_max_train_bytes: 0
2022/01/01-16:59:24.646894 7f77d4f36000         Options.bottommost_compression_opts.parallel_threads: 1
2022/01/01-16:59:24.646895 7f77d4f36000                  Options.bottommost_compression_opts.enabled: false
2022/01/01-16:59:24.646896 7f77d4f36000         Options.bottommost_compression_opts.max_dict_buffer_bytes: 0
2022/01/01-16:59:24.646897 7f77d4f36000            Options.compression_opts.window_bits: -14
2022/01/01-16:59:24.646899 7f77d4f36000                  Options.compression_opts.level: 32767
2022/01/01-16:59:24.646900 7f77d4f36000               Options.compression_opts.strategy: 0
2022/01/01-16:59:24.646901 7f77d4f36000         Options.compression_opts.max_dict_bytes: 0
2022/01/01-16:59:24.646902 7f77d4f36000         Options.compression_opts.zstd_max_train_bytes: 0
2022/01/01-16:59:24.646903 7f77d4f36000         Options.compression_opts.parallel_threads: 1
2022/01/01-16:59:24.646921 7f77d4f36000                  Options.compression_opts.enabled: false
2022/01/01-16:59:24.646923 7f77d4f36000         Options.compression_opts.max_dict_buffer_bytes: 0
2022/01/01-16:59:24.646924 7f77d4f36000      Options.level0_file_num_compaction_trigger: 4
2022/01/01-16:59:24.646925 7f77d4f36000          Options.level0_slowdown_writes_trigger: 20
2022/01/01-16:59:24.646926 7f77d4f36000              Options.level0_stop_writes_trigger: 36
2022/01/01-16:59:24.646927 7f77d4f36000                   Options.target_file_size_base: 107374182
2022/01/01-16:59:24.646929 7f77d4f36000             Options.target_file_size_multiplier: 1
2022/01/01-16:59:24.646930 7f77d4f36000                Options.max_bytes_for_level_base: 1073741824
2022/01/01-16:59:24.646931 7f77d4f36000 Options.level_compaction_dynamic_level_bytes: 0
2022/01/01-16:59:24.646932 7f77d4f36000          Options.max_bytes_for_level_multiplier: 10.000000
2022/01/01-16:59:24.646935 7f77d4f36000 Options.max_bytes_for_level_multiplier_addtl[0]: 1
2022/01/01-16:59:24.646936 7f77d4f36000 Options.max_bytes_for_level_multiplier_addtl[1]: 1
2022/01/01-16:59:24.646938 7f77d4f36000 Options.max_bytes_for_level_multiplier_addtl[2]: 1
2022/01/01-16:59:24.646939 7f77d4f36000 Options.max_bytes_for_level_multiplier_addtl[3]: 1
2022/01/01-16:59:24.646940 7f77d4f36000 Options.max_bytes_for_level_multiplier_addtl[4]: 1
2022/01/01-16:59:24.646941 7f77d4f36000 Options.max_bytes_for_level_multiplier_addtl[5]: 1
2022/01/01-16:59:24.646942 7f77d4f36000 Options.max_bytes_for_level_multiplier_addtl[6]: 1
2022/01/01-16:59:24.646944 7f77d4f36000       Options.max_sequential_skip_in_iterations: 8
2022/01/01-16:59:24.646945 7f77d4f36000                    Options.max_compaction_bytes: 2684354550
2022/01/01-16:59:24.646946 7f77d4f36000                        Options.arena_block_size: 33554432
2022/01/01-16:59:24.646947 7f77d4f36000   Options.soft_pending_compaction_bytes_limit: 68719476736
2022/01/01-16:59:24.646949 7f77d4f36000   Options.hard_pending_compaction_bytes_limit: 274877906944
2022/01/01-16:59:24.646950 7f77d4f36000       Options.rate_limit_delay_max_milliseconds: 100
2022/01/01-16:59:24.646951 7f77d4f36000                Options.disable_auto_compactions: 0
2022/01/01-16:59:24.646953 7f77d4f36000                        Options.compaction_style: kCompactionStyleLevel
2022/01/01-16:59:24.646955 7f77d4f36000                          Options.compaction_pri: kMinOverlappingRatio
2022/01/01-16:59:24.646956 7f77d4f36000 Options.compaction_options_universal.size_ratio: 1
2022/01/01-16:59:24.646958 7f77d4f36000 Options.compaction_options_universal.min_merge_width: 2
2022/01/01-16:59:24.646959 7f77d4f36000 Options.compaction_options_universal.max_merge_width: 4294967295
2022/01/01-16:59:24.646960 7f77d4f36000 Options.compaction_options_universal.max_size_amplification_percent: 200
2022/01/01-16:59:24.646962 7f77d4f36000 Options.compaction_options_universal.compression_size_percent: -1
2022/01/01-16:59:24.646964 7f77d4f36000 Options.compaction_options_universal.stop_style: kCompactionStopStyleTotalSize
2022/01/01-16:59:24.646965 7f77d4f36000 Options.compaction_options_fifo.max_table_files_size: 1073741824
2022/01/01-16:59:24.646966 7f77d4f36000 Options.compaction_options_fifo.allow_compaction: 0
2022/01/01-16:59:24.646973 7f77d4f36000                   Options.table_properties_collectors: 
2022/01/01-16:59:24.646974 7f77d4f36000                   Options.inplace_update_support: 0
2022/01/01-16:59:24.646976 7f77d4f36000                 Options.inplace_update_num_locks: 10000
2022/01/01-16:59:24.646977 7f77d4f36000               Options.memtable_prefix_bloom_size_ratio: 0.000000
2022/01/01-16:59:24.646979 7f77d4f36000               Options.memtable_whole_key_filtering: 0
2022/01/01-16:59:24.646980 7f77d4f36000   Options.memtable_huge_page_size: 0
2022/01/01-16:59:24.646981 7f77d4f36000                           Options.bloom_locality: 0
2022/01/01-16:59:24.646982 7f77d4f36000                    Options.max_successive_merges: 0
2022/01/01-16:59:24.646991 7f77d4f36000                Options.optimize_filters_for_hits: 0
2022/01/01-16:59:24.646993 7f77d4f36000                Options.paranoid_file_checks: 0
2022/01/01-16:59:24.646994 7f77d4f36000                Options.force_consistency_checks: 1
2022/01/01-16:59:24.646995 7f77d4f36000                Options.report_bg_io_stats: 0
2022/01/01-16:59:24.646997 7f77d4f36000                               Options.ttl: 2592000
2022/01/01-16:59:24.646998 7f77d4f36000          Options.periodic_compaction_seconds: 2592000
2022/01/01-16:59:24.646999 7f77d4f36000                    Options.enable_blob_files: false
2022/01/01-16:59:24.647000 7f77d4f36000                        Options.min_blob_size: 0
2022/01/01-16:59:24.647002 7f77d4f36000                       Options.blob_file_size: 268435456
2022/01/01-16:59:24.647003 7f77d4f36000                Options.blob_compression_type: NoCompression
2022/01/01-16:59:24.647005 7f77d4f36000       Options.enable_blob_garbage_collection: false
2022/01/01-16:59:24.647006 7f77d4f36000   Options.blob_garbage_collection_age_cutoff: 0.250000
2022/01/01-16:59:24.647055 7f77d4f36000 [db/db_impl/db_impl.cc:2662] Created column family [dead_slots] (ID 2)
2022/01/01-16:59:24.738093 7f77d4f36000 [db/column_family.cc:598] --------------- Options for column family [duplicate_slots]:
2022/01/01-16:59:24.738110 7f77d4f36000               Options.comparator: leveldb.BytewiseComparator
2022/01/01-16:59:24.738111 7f77d4f36000           Options.merge_operator: None
2022/01/01-16:59:24.738113 7f77d4f36000        Options.compaction_filter: None
2022/01/01-16:59:24.738115 7f77d4f36000        Options.compaction_filter_factory: purged_slot_filter_factory(duplicate_slots)
2022/01/01-16:59:24.738116 7f77d4f36000  Options.sst_partitioner_factory: None
2022/01/01-16:59:24.738117 7f77d4f36000         Options.memtable_factory: SkipListFactory
2022/01/01-16:59:24.738119 7f77d4f36000            Options.table_factory: BlockBasedTable
2022/01/01-16:59:24.738160 7f77d4f36000            table_factory options:   flush_block_policy_factory: FlushBlockBySizePolicyFactory (0x55eabf4cbdc0)
  cache_index_and_filter_blocks: 0
  cache_index_and_filter_blocks_with_high_priority: 1
  pin_l0_filter_and_index_blocks_in_cache: 0
  pin_top_level_index_and_filter: 1
  index_type: 0
  data_block_index_type: 0
  index_shortening: 1
  data_block_hash_table_util_ratio: 0.750000
  hash_index_allow_collision: 1
  checksum: 1
  no_block_cache: 0
  block_cache: 0x55eabf4cbe10
  block_cache_name: LRUCache
  block_cache_options:
    capacity : 8388608
    num_shard_bits : 4
    strict_capacity_limit : 0
    memory_allocator : None
    high_pri_pool_ratio: 0.000
  block_cache_compressed: (nil)
  persistent_cache: (nil)
  block_size: 4096
  block_size_deviation: 10
  block_restart_interval: 16
  index_block_restart_interval: 1
  metadata_block_size: 4096
  partition_filters: 0
  use_delta_encoding: 1
  filter_policy: nullptr
  whole_key_filtering: 1
  verify_compression: 0
  read_amp_bytes_per_bit: 0
  format_version: 5
  enable_index_compression: 1
  block_align: 0
2022/01/01-16:59:24.738162 7f77d4f36000        Options.write_buffer_size: 268435456
2022/01/01-16:59:24.738164 7f77d4f36000  Options.max_write_buffer_number: 8
2022/01/01-16:59:24.738165 7f77d4f36000          Options.compression: NoCompression
2022/01/01-16:59:24.738166 7f77d4f36000                  Options.bottommost_compression: Disabled
2022/01/01-16:59:24.738168 7f77d4f36000       Options.prefix_extractor: nullptr
2022/01/01-16:59:24.738169 7f77d4f36000   Options.memtable_insert_with_hint_prefix_extractor: nullptr
